1094015
1094016
1094017
1094018
1094019
1094020
1094021
1094022
1106015
1106016
1106017
1106018
1106019
1106020
1106021
1106022
1107015
1107016
1107017
1107018
1107019
1107020
1107021
1107022
1108015
1108016
1108017
1108018
1108019
1108020
1108021
1108022
1109015
1109016
1109017
1109018
1109019
1109020
1109021
1109022
1110015
1110016
1110017
1110018
1110019
1110020
1110021
1110022
1111015
1111016
1111017
1111018
1111019
1111020
1111021
1111022
1112015
1112016
1112017
1112018
1112019
1112020
1112021
1112022
1113015
1113016
1113017
1113018
1113019
1113020
1113021
1113022
1114015
1114016
1114017
1114018
1114019
1114020
1114021
1114022
1115015
1115016
1115017
1115018
1115019
1115020
1115021
1115022
1116015
1116016
1116017
1116018
1116019
1116020
1116021
1116022
1122015
1122016
1122017
1122018
1122019
1122020
1122021
1122022
1124015
1124016
1124017
1124018
1124019
1124020
1124021
1124022
1125015
1125016
1125017
1125018
1125019
1125020
1125021
1125022
1126015
1126016
1126017
1126018
1126019
1126020
1126021
1126022
1127015
1127016
1127017
1127018
1127019
1127020
1127021
1127022
1128015
1128016
1128017
1128018
1128019
1128020
1128021
1128022
1129015
1129016
1129017
1129018
1129019
1129020
1129021
1129022